4.83934488933670e-05
9.45425568291069e-05
0.000245049784837403
0.000606303969535260
0.00176971545972782
0.00606520044533159
0.0242840357573416
0.113094364132982
0.566520724934498
1.53353243518914
0.944443417484088
0.331196970804478
0.0342074115887525
0.184254218618022
0.386862737718355
0.503384907475152
0.456413261137632
0.324967602784389
0.214058737158504
0.146787864813020
0.113355636912239
0.102946092074793
0.107996151664603
0.123266876815069
0.145427522109032
0.172555868909718
0.202730317149599
0.232800879103035
0.258639485705551
0.276014348708201
0.281603965951615
0.274601299767394
0.259063531893667
0.243189774410839
0.233790071051973
0.230786238494830
0.225358413155561
0.204758810848025
0.164344420083167
0.113930276498178
0.0690625367638303
0.0401104151191748
0.0290243549307836
0.0311162025165884
0.0382696500051798
0.0422349644013505
0.0378831627549805
0.0256820336509798
0.0111419003201517
0.000747916011461617
0.00208939001900093
0.00211029533934821
0.0105434634611711
0.0198117312816269
0.0267050553853397
0.0289618667309479
0.0261927183690656
0.0200348299869642
0.0131167587708586
0.00744667322167480
0.00369995934661708
0.00162216176301627
0.000631064612188429
0.000222525703820756
7.23696958262114e-05
1.57724915489909e-05
3.51700710745130e-14
1.25607396694732e-14
7.28522900829272e-14
5.02429586778769e-15
5.02429586778810e-14
1.50728876033658e-14
2.00971834711543e-14
2.51214793389404e-14
1.00485917355748e-14
1.50728876033626e-14
7.03401421490331e-14
1.57724914610700e-05
7.23696959417707e-05
0.000222525703961410
0.000615297440219547
0.00158130906489738
0.00359005885662426
0.00714348855227481
0.0124017865304330
0.0185152552769889
0.0233692076391136
0.0243690624012079
0.0202128205221817
0.0118701625846946
0.00179314795219423
0.00770269764659645
0.0155592594770705
0.0221145870411579
0.0285496423023855
0.0357503009402555
0.0428085214203040
0.0462605743254285
0.0417203903003364
0.0275187745015213
0.00679636151898069
0.0141400515786310
0.0292267685674468
0.0353523517060838
0.0332108297897173
0.0262445215197965
0.0186233011041541
0.0137543011270968
0.0140095895502030
0.0212693191432592
0.0373005996636313
0.0631882787154069
0.0979843426311785
0.136975880601105
0.171029204240750
0.189106200788696
0.184534108023976
0.159768055236294
0.123727004728269
0.0856703424741192
0.0516489322272598
0.0243554542877300
0.00283626590379439
0.0135097286528918
0.0176371488823629
0.00121056279015437
0.0231420531829904
0.0205855190747156
0.00975676945779359
0.00371442428703806
0.00139325672542113
0.000565179554977183
0.000258218655168520
0.000107018524993638
5.67438332815069e-05